(0.0, 126)
(2050.0, 34882)
(1150.0, 1222534)
(250.0, 3671268)
(2300.0, 16)
(1400.0, 1197996)
(500.0, 1652570)
(1650.0, 1814447)
(750.0, 1452228)
(1900.0, 872385)
(1000.0, 1217360)
(100.0, 4351310)
(2150.0, 12728)
(1250.0, 1112125)
(350.0, 2524785)
(1500.0, 2156710)
(600.0, 1370754)
(1750.0, 1635905)
(850.0, 1614040)
(2000.0, 131574)
(1100.0, 1248637)
(200.0, 4598750)
(2250.0, 35)
(1350.0, 1343368)
(450.0, 1901266)
(1600.0, 1109134)
(700.0, 1332423)
(1850.0, 1075730)
(950.0, 1236526)
(50.0, 43743)
(2100.0, 15892)
(1200.0, 1110397)
(63646420000.0, 6)
(300.0, 3017512)
(2350.0, 8)
(1450.0, 1263162)
(550.0, 1485481)
(1700.0, 909136)
(800.0, 1596176)
(63647875100.0, 14)
(1950.0, 527459)
(1050.0, 1197804)
(2200.0, 33211)
(150.0, 6130646)
(1300.0, 1222140)
(400.0, 2183375)
(63648215000.0, 7)
(1550.0, 1119757)
(650.0, 1319939)
(1800.0, 945697)
(63646785500.0, 18)
(900.0, 1356039)
