0,1661.286	
1,1864.5970000000002	
10,1287.355	
100,116.00399999999999	
11,1203.35	
12,1120.586	
13,1040.633	
14,961.165	
15,879.913	
16,798.35	
17,714.1489999999999	
18,626.302	
19,546.234	
2,1798.475	
20,478.14300000000003	
21,421.461	
22,373.72900000000004	
23,331.619	
24,295.036	
25,264.45799999999997	
26,242.35299999999998	
27,249.137	
28,404.651	
29,484.54	
3,1749.639	
30,485.20300000000003	
31,457.903	
32,424.404	
33,392.861	
34,363.385	
35,336.746	
36,312.82099999999997	
37,290.726	
38,271.009	
39,252.485	
4,1664.355	
40,236.174	
41,220.945	
42,207.076	
43,194.128	
44,182.071	
45,170.886	
46,160.685	
47,150.806	
48,143.488	
49,145.67700000000002	
5,1621.65	
50,374.55199999999996	
51,482.87199999999996	
52,461.851	
53,441.825	
54,422.222	
55,403.875	
56,385.983	
57,369.38800000000003	
58,353.139	
59,337.795	
6,1541.99	
60,323.064	
61,309.503	
62,296.54400000000004	
63,284.097	
64,272.442	
65,261.738	
66,251.139	
67,241.22	
68,231.449	
69,222.425	
7,1492.642	
70,213.606	
71,205.179	
72,197.12599999999998	
73,189.606	
74,182.18599999999998	
75,175.213	
76,168.805	
77,162.686	
78,156.671	
79,151.205	
8,1439.0379999999998	
80,145.908	
81,141.082	
82,136.586	
83,132.452	
84,128.653	
85,125.051	
86,121.822	
87,118.851	
88,116.01700000000001	
89,113.262	
9,1361.385	
90,110.586	
91,107.84	
92,105.32799999999999	
93,103.17	
94,101.48899999999999	
95,100.053	
96,99.36	
97,99.632	
98,101.825	
99,112.85799999999999	
